id: 0
name: Air
hardness: -1.000000
no-harvest-time: -1.000000
