id: 7
name: Bedrock
hardness: -1.000000
no-harvest-time: -1.000000
