id: 122
name: Dragon Egg
hardness: -1.000000
no-harvest-time: -1.000000
