id: 119
name: End Portal
hardness: -1.000000
no-harvest-time: -1.000000
