id: 11
name: Lava
hardness: -1.000000
no-harvest-time: -1.000000
