id: 97
name: Monster Egg
hardness: -1.000000
no-harvest-time: -1.000000
