id: 90
name: Portal
hardness: -1.000000
no-harvest-time: -1.000000
