id: 9
name: Water
hardness: -1.000000
no-harvest-time: -1.000000
